
BTC
ETH
LTC
XRP
ADA
LINK
TRX
XLM
ZEC
DASH
BAT
ATOM
COMP
BNB
XMR
KNC
QTUM
ALGO
REP
BTT
WAVES
EVX
RVN
OXT
PAXG
ZIL
LSK
ZRX
STORJ
IOST
SC
ICX
NANO
KAVA
GNO
VET
NEO
ONT
BTC
ETH
.88
LTC
.80
.77
XRP
.71
.66
.64
ADA
.83
.81
.70
.68
LINK
.72
.78
.70
.63
.66
TRX
.86
.83
.75
.71
.75
.74
XLM
.74
.71
.62
.82
.73
.64
.69
ZEC
.69
.72
.63
.48
.66
.60
.71
.56
DASH
.85
.87
.80
.68
.81
.75
.86
.73
.73
BAT
.80
.82
.78
.65
.74
.75
.85
.65
.64
.87
ATOM
.72
.75
.69
.63
.74
.69
.77
.70
.73
.79
.75
COMP
.67
.75
.61
.56
.67
.63
.69
.55
.60
.73
.66
.61
BNB
.87
.88
.79
.70
.84
.75
.81
.73
.63
.86
.81
.76
.67
XMR
.83
.85
.74
.64
.80
.75
.84
.69
.75
.84
.78
.80
.67
.80
KNC
.62
.64
.56
.52
.53
.51
.67
.55
.53
.71
.69
.59
.58
.61
.66
QTUM
.81
.79
.74
.63
.74
.75
.80
.67
.63
.82
.77
.71
.72
.74
.77
.55
ALGO
.77
.79
.70
.59
.71
.69
.85
.59
.67
.80
.76
.74
.72
.74
.78
.69
.74
REP
.11
.11
-.04
.12
.12
.02
.10
.09
.15
.07
.06
.05
.10
.04
.09
.10
.10
-.02
BTT
.60
.61
.56
.47
.51
.51
.62
.46
.53
.59
.62
.60
.53
.54
.62
.52
.65
.58
.04
WAVES
.58
.69
.55
.47
.64
.58
.65
.45
.49
.66
.68
.58
.64
.63
.62
.54
.62
.63
.13
.54
EVX
-
-
-
-
-
-
-
-
-
-
-
-
-
-
-
-
-
-
-
-
-
RVN
.79
.78
.68
.65
.76
.70
.80
.69
.66
.76
.75
.77
.67
.76
.78
.57
.76
.75
.02
.64
.65
-
OXT
.64
.63
.56
.45
.57
.52
.64
.53
.57
.65
.61
.61
.50
.66
.58
.59
.51
.59
.03
.36
.48
-
.60
PAXG
.18
.13
.19
.02
.18
.14
.17
.11
.43
.19
.11
.23
.27
.16
.24
.02
.18
.18
-.09
.09
-.05
-
.17
.18
ZIL
.73
.73
.63
.56
.70
.66
.77
.66
.62
.76
.79
.66
.64
.74
.69
.64
.73
.72
.00
.60
.66
-
.69
.64
.09
LSK
.52
.49
.57
.39
.48
.42
.56
.42
.32
.53
.61
.46
.46
.46
.48
.46
.57
.53
-.12
.51
.59
-
.49
.46
.02
.60
ZRX
.54
.50
.53
.44
.53
.47
.57
.40
.43
.50
.52
.47
.39
.49
.52
.34
.59
.50
.01
.49
.47
-
.55
.36
.00
.46
.45
STORJ
.81
.81
.73
.63
.76
.73
.82
.68
.69
.81
.76
.73
.67
.80
.81
.67
.75
.80
-.01
.53
.64
-
.73
.64
.20
.74
.50
.51
IOST
-
-
-
-
-
-
-
-
-
-
-
-
-
-
-
-
-
-
-
-
-
-
-
-
-
-
-
-
-
SC
.84
.84
.73
.62
.75
.69
.80
.65
.66
.83
.75
.68
.68
.80
.81
.58
.75
.75
.00
.62
.59
-
.75
.59
.23
.70
.49
.51
.78
-
ICX
.78
.79
.75
.60
.77
.67
.76
.63
.61
.82
.77
.74
.62
.78
.76
.60
.76
.74
-.02
.57
.64
-
.75
.57
.10
.73
.56
.54
.78
-
.75
NANO
.26
.30
.19
.21
.27
.23
.22
.26
.26
.26
.18
.25
.12
.25
.29
.09
.26
.25
-.02
.12
.28
-
.28
.09
-.08
.09
.12
.11
.26
-
.30
.27
KAVA
.56
.59
.54
.49
.57
.62
.59
.51
.46
.63
.63
.57
.61
.58
.61
.55
.63
.67
-.04
.59
.62
-
.65
.54
.11
.68
.50
.48
.63
-
.62
.65
.15
GNO
.47
.48
.37
.39
.44
.39
.43
.39
.41
.40
.42
.43
.28
.44
.46
.26
.41
.43
.10
.30
.26
-
.48
.37
.15
.38
.13
.36
.39
-
.48
.35
.05
.36
VET
.85
.87
.74
.69
.81
.72
.83
.71
.64
.85
.81
.74
.70
.85
.81
.67
.77
.79
.07
.63
.64
-
.76
.62
.11
.78
.56
.50
.81
-
.83
.79
.25
.65
.38
NEO
.83
.82
.75
.71
.81
.73
.83
.76
.70
.89
.84
.76
.69
.83
.82
.68
.82
.78
.06
.60
.64
-
.75
.61
.23
.77
.54
.50
.84
-
.80
.75
.28
.62
.36
.81
ONT
.74
.71
.69
.66
.75
.63
.77
.62
.57
.80
.78
.69
.65
.77
.73
.60
.76
.74
.07
.64
.59
-
.70
.46
.15
.68
.54
.51
.71
-
.69
.75
.18
.62
.21
.76
.83
