
BTC
ETH
LTC
XRP
ADA
LINK
TRX
XLM
ZEC
DASH
BAT
ATOM
COMP
BNB
XMR
KNC
QTUM
ALGO
REP
BTT
WAVES
EVX
RVN
OXT
PAXG
ZIL
LSK
ZRX
STORJ
IOST
SC
ICX
NANO
KAVA
GNO
VET
NEO
ONT
BTC
ETH
.84
LTC
.88
.86
XRP
.77
.70
.77
ADA
.57
.51
.50
.38
LINK
.86
.88
.86
.76
.49
TRX
.85
.83
.88
.84
.46
.86
XLM
.72
.65
.67
.71
.52
.68
.68
ZEC
.71
.70
.78
.62
.38
.71
.70
.54
DASH
.85
.80
.86
.76
.51
.86
.82
.68
.76
BAT
.88
.86
.89
.80
.51
.89
.87
.75
.76
.89
ATOM
.77
.77
.79
.67
.51
.81
.76
.65
.68
.78
.83
COMP
.79
.78
.81
.68
.52
.80
.77
.62
.77
.77
.82
.73
BNB
.88
.86
.88
.77
.54
.88
.86
.71
.72
.85
.89
.80
.79
XMR
.80
.76
.79
.69
.38
.79
.80
.61
.62
.78
.81
.76
.67
.80
KNC
.78
.76
.80
.69
.45
.81
.78
.63
.72
.83
.83
.75
.79
.80
.73
QTUM
.83
.80
.86
.77
.45
.86
.80
.72
.75
.85
.88
.76
.75
.86
.77
.77
ALGO
.76
.77
.77
.69
.48
.82
.76
.66
.64
.78
.80
.74
.72
.76
.67
.75
.78
REP
.43
.40
.42
.29
.38
.42
.41
.32
.39
.43
.44
.39
.38
.44
.34
.41
.42
.33
BTT
.78
.79
.81
.71
.43
.81
.85
.63
.67
.79
.83
.69
.74
.81
.73
.76
.80
.73
.33
WAVES
.65
.59
.62
.52
.38
.62
.57
.52
.66
.67
.69
.57
.70
.64
.59
.69
.66
.57
.30
.58
EVX
-
-
-
-
-
-
-
-
-
-
-
-
-
-
-
-
-
-
-
-
-
RVN
.76
.73
.74
.63
.48
.75
.76
.62
.66
.73
.78
.71
.71
.74
.71
.71
.71
.65
.36
.72
.56
-
OXT
.67
.64
.63
.54
.44
.61
.62
.54
.49
.64
.67
.57
.58
.66
.58
.59
.57
.57
.48
.55
.44
-
.56
PAXG
.02
.10
.03
.04
.06
.06
.03
.02
.04
.03
.04
.08
.03
.06
.05
.02
.01
.10
-.03
.01
.03
-
.03
.05
ZIL
.87
.83
.87
.78
.50
.87
.84
.75
.75
.88
.93
.81
.77
.89
.79
.81
.87
.78
.44
.81
.69
-
.74
.64
.03
LSK
.78
.75
.72
.63
.43
.75
.68
.72
.65
.76
.79
.69
.69
.76
.65
.70
.84
.68
.41
.70
.64
-
.64
.56
-.04
.81
ZRX
.75
.72
.76
.66
.42
.76
.75
.56
.54
.73
.74
.69
.64
.73
.70
.74
.71
.71
.36
.67
.53
-
.63
.51
.04
.74
.62
STORJ
.85
.79
.84
.75
.46
.82
.86
.66
.72
.82
.86
.76
.77
.83
.77
.77
.79
.74
.43
.72
.61
-
.75
.62
.03
.86
.69
.70
IOST
-
-
-
-
-
-
-
-
-
-
-
-
-
-
-
-
-
-
-
-
-
-
-
-
-
-
-
-
-
SC
.90
.85
.88
.77
.50
.87
.87
.72
.79
.86
.92
.78
.82
.87
.78
.81
.88
.79
.43
.84
.68
-
.79
.62
.02
.90
.80
.73
.86
-
ICX
.85
.81
.85
.78
.50
.85
.86
.73
.69
.85
.88
.79
.74
.87
.78
.81
.84
.82
.36
.82
.63
-
.74
.60
.08
.89
.76
.74
.84
-
.88
NANO
.06
.16
.09
.06
-.06
.06
.08
.19
.05
.03
.11
.05
.07
.08
.07
.04
.04
.09
.05
-.01
.04
-
.06
.12
.02
.06
.06
.08
.12
-
.08
.05
KAVA
.83
.82
.83
.74
.47
.87
.85
.67
.73
.83
.89
.79
.81
.85
.77
.83
.83
.77
.42
.82
.66
-
.76
.61
.02
.87
.75
.74
.83
-
.89
.84
.04
GNO
.48
.61
.52
.45
.34
.55
.54
.44
.45
.51
.55
.48
.43
.53
.47
.52
.53
.45
.34
.60
.42
-
.44
.38
.10
.54
.50
.49
.44
-
.52
.48
.08
.51
VET
.87
.84
.86
.79
.51
.87
.85
.71
.76
.85
.92
.78
.80
.87
.76
.76
.87
.75
.42
.81
.67
-
.74
.61
.04
.91
.80
.73
.83
-
.92
.85
.07
.88
.50
NEO
.87
.88
.89
.79
.50
.90
.87
.74
.77
.89
.92
.81
.80
.89
.79
.81
.92
.80
.44
.84
.65
-
.76
.62
.05
.90
.82
.76
.84
-
.92
.87
.09
.87
.55
.93
ONT
.84
.81
.87
.80
.48
.86
.89
.67
.74
.86
.90
.78
.79
.84
.77
.76
.87
.77
.40
.82
.60
-
.78
.58
.03
.87
.73
.76
.86
-
.90
.85
.06
.87
.45
.90
.92
